77 4
76 -0.997356 -0.882064 -0.101685 -0.688485
2 -0.371850 -1.129926 0.392658 -0.697314
1 -0.419907 -1.507703 0.524896 -0.361942
74 -0.983687 -1.129377 -0.085074 -0.454107
0 -0.623009 -0.946079 0.591782 -0.741109
57 -1.036677 -1.074656 -0.207150 -0.324918
25 -0.671322 -0.878848 0.054090 -1.154915
3 -0.656940 -1.130658 0.655154 -0.415056
67 -1.143511 -1.021633 -0.251405 -0.323617
41 -1.140322 -0.956247 -0.221242 -0.395161
44 -0.752537 -1.201819 -0.050826 -0.274623
5 -0.847452 -1.095898 0.900618 -0.366710
12 -0.531177 -1.171831 0.691081 -0.556920
8 -0.452018 -1.207473 0.554423 -0.618417
73 -1.022458 -1.092167 -0.341404 -0.430433
6 -0.722962 -1.171538 0.803561 -0.439352
71 -1.061061 -1.091368 -0.092781 -0.278347
65 -1.410879 -1.072097 -0.458865 -0.671299
7 -0.459329 -1.301271 0.671853 -0.487015
51 -0.927349 -1.016614 0.063629 -0.350358
4 -0.553156 -1.161985 0.760333 -0.337296
48 -1.131936 -0.929067 0.067022 -0.384866
69 -1.167806 -0.911718 -0.122988 -0.523941
46 -0.953923 -1.186186 -0.253293 -0.410460
9 -0.805415 -1.232929 0.741656 -0.259035
14 -0.732752 -1.271786 0.474051 -0.179496
55 -1.101073 -1.016800 -0.261348 -0.570556
75 -0.725202 -0.867628 -0.069929 -1.195745
15 -0.444788 -1.233130 0.460329 -0.606493
43 -0.935326 -1.102675 -0.173183 -0.343372
50 -1.115366 -1.102850 -0.209173 -0.418220
53 -1.146461 -0.982330 -0.142502 -0.492056
16 -0.260841 -1.347343 0.165101 -0.546884
13 -0.487108 -1.209232 0.327088 -0.610911
11 -0.634689 -1.263338 0.483913 -0.374428
10 -0.443503 -1.445265 0.473601 -0.319917
42 -0.487039 -1.107691 0.061600 -0.772363
70 -0.811355 -1.006374 -0.300567 -1.092504
56 -0.834171 -0.918212 -0.137049 -1.121028
24 -0.391418 -1.164799 0.240796 -0.854632
72 -0.398797 -1.254570 0.053021 -0.805017
17 -0.316542 -1.490521 0.173418 -0.302959
47 -0.870004 -0.862972 -0.059024 -1.107999
29 -0.260118 -1.146658 0.144449 -0.828574
45 -0.804244 -0.853472 -0.061417 -1.314263
54 -0.569914 -1.069888 -0.198780 -1.017638
30 -0.441935 -1.033870 0.127282 -0.942310
26 -0.237252 -1.261569 0.325806 -0.598660
49 -0.547162 -1.090123 -0.323966 -1.347679
52 -0.468078 -1.101124 -0.031915 -0.898599
27 -0.188734 -1.439512 0.354612 -0.482858
19 -0.396430 -1.435015 0.054638 -0.273182
18 -0.361751 -1.409626 -0.138881 -0.405978
31 -0.566235 -0.970572 0.226304 -0.663014
23 -0.408338 -1.409642 -0.368607 -0.514006
21 -0.407864 -1.509412 0.161234 -0.177243
28 -0.566688 -1.054485 0.051455 -0.592639
22 -0.238641 -1.482214 0.086863 -0.371903
20 -0.268046 -1.454342 -0.142531 -0.594032
34 -0.211338 -1.455781 0.312605 -0.455618
32 -0.379584 -1.303717 0.368374 -0.442393
68 -0.864041 -0.771235 0.427386 -0.944354
64 -0.948836 -0.607116 0.376931 -1.191856
60 -1.081283 -0.894398 -0.150195 -0.989295
61 -0.859055 -0.687832 0.481921 -0.887514
58 -1.022389 -0.715804 0.175821 -1.056745
37 -1.224168 -1.589540 1.140713 -0.073104
59 -1.006622 -0.727353 0.249348 -1.149705
33 -0.445171 -1.221514 0.379904 -0.657195
36 -0.828608 -1.371515 1.199528 -0.369161
38 -0.941228 -1.332556 1.000334 -0.184945
63 -0.881238 -0.820551 0.273574 -0.751006
35 -0.900807 -1.285489 1.007765 -0.195917
39 -1.296322 -1.496254 1.049726 -0.001675
40 -0.856526 -1.452669 1.158438 -0.101640
66 -1.197427 -1.030829 -0.217350 -0.853723
62 -0.978877 -0.602424 0.603403 -1.155273
